--------------------------------------------------
RandomForest
Weigthed_accuracy: [0.75704225 0.76408451 0.74119718 0.74647887 0.73239437 0.73767606
 0.75       0.75528169 0.75485009 0.76014109]	Avg:0.7499	Std:0.0098
Weigthed_precision: [0.74985017 0.75093629 0.73690334 0.73918737 0.71883083 0.73481502
 0.74669069 0.74271915 0.75529463 0.74687528]	Avg:0.7422	Std:0.0099
Weigthed_recall: [0.75704225 0.76408451 0.74119718 0.74647887 0.73239437 0.73767606
 0.75       0.75528169 0.75485009 0.76014109]	Avg:0.7499	Std:0.0098
Weigthed_f1_score: [0.75044815 0.75463902 0.73239881 0.73962733 0.72230033 0.72983611
 0.74228614 0.74607099 0.74868337 0.75006811]	Avg:0.7416	Std:0.0100
--------------------------------------------------
--------------------------------------------------
NaiveBayes
Weigthed_accuracy: [0.74647887 0.73239437 0.70774648 0.71302817 0.71302817 0.72007042
 0.72359155 0.70070423 0.71075838 0.72310406]	Avg:0.7191	Std:0.0125
Weigthed_precision: [0.75025951 0.72113319 0.72507519 0.72469144 0.72529894 0.72799857
 0.7292374  0.70517447 0.71995941 0.74052669]	Avg:0.7269	Std:0.0114
Weigthed_recall: [0.74647887 0.73239437 0.70774648 0.71302817 0.71302817 0.72007042
 0.72359155 0.70070423 0.71075838 0.72310406]	Avg:0.7191	Std:0.0125
Weigthed_f1_score: [0.73889217 0.72272114 0.70095676 0.70321166 0.70307018 0.71052533
 0.71509987 0.69441044 0.70281588 0.71523909]	Avg:0.7107	Std:0.0123
--------------------------------------------------
--------------------------------------------------
XGB
